Feeder_1/SC_console/OpComm: 1,1,1,1,1 : 0.000000000000000 : 0.000000000000000, 0.000000000000000, 0.000000000000000, 0.000000000000000, 0.000000000000000 : 1 : 0 : [0,0,0,0,0]
Feeder_1/SS_PMU/OpComm: 1,1,1 : 0.000100000000000 : 0.000100000000000, 0.000100000000000, 0.000100000000000 : 1 : 0 : [0,0,0]
SampleTime=0.000100000000000
