NG_PV_Dynamic_DBUS_PMUs/SS_PMU/OpComm: 1,1,1 : 0.000125000000000 : 0.000125000000000, 0.000125000000000, 0.000125000000000 : 1 : 0 : [0,0,0]
NG_PV_Dynamic_DBUS_PMUs/SC_Console/OpComm1: 1,1,1,1,1,1 : 0.000000000000000 : 0.000000000000000, 0.000000000000000, 0.000000000000000, 0.000000000000000, 0.000000000000000, 0.000000000000000 : 1 : 0 : [0,0,0,0,0,0]
NG_PV_Dynamic_DBUS_PMUs/SM_NG/OpComm: 1 : 0.000125000000000 : 0.000125000000000 : 1 : 0 : [0]
NG_PV_Dynamic_DBUS_PMUs/SS_DBUS/OpComm: 1 : 0.000125000000000 : 0.000125000000000 : 1 : 0 : [0]
SampleTime=0.000125000000000
